mesh: samples\8samples (1)\8samples\cylinder.obj
method: unit_sphere
n_vertices: 192
bins: 1024
MSE: 2.573563600077e-06
MAE: 1.382418163428e-03
MSE_per_axis: [2.525702349479517e-06, 2.669286101270609e-06, 2.5257023494794822e-06]
MAE_per_axis: [0.0013824181634276992, 0.0013824181634277122, 0.0013824181634276868]
meta: {'centroid': array([-2.60208521e-18,  0.00000000e+00,  2.77555756e-17]), 'maxd': 1.4142137811865645}
