mesh: samples\8samples (1)\8samples\fence.obj
method: minmax
n_vertices: 1090
bins: 1024
MSE: 1.568786888569e-07
MAE: 2.728240212124e-04
MSE_per_axis: [2.636107364728589e-07, 2.0694012050312048e-07, 8.5209594695046e-11]
MAE_per_axis: [0.00042580521222883083, 0.00038879265516962504, 3.874196238801295e-06]
meta: {'vmin': array([-0.5   ,  0.    , -0.0225]), 'vmax': array([0.5    , 0.84317, 0.0225 ])}
