mesh: samples\8samples (1)\8samples\talwar.obj
method: minmax
n_vertices: 1681
bins: 1024
MSE: 1.306784403575e-07
MAE: 2.284036614538e-04
MSE_per_axis: [1.3872481530843534e-09, 3.7258767946683064e-07, 1.8060393452584365e-08]
MAE_per_axis: [3.1514504295319584e-05, 0.0005370669020616219, 0.00011662957800452717]
meta: {'vmin': array([-0.031922,  0.      , -0.117146]), 'vmax': array([0.031922, 1.      , 0.117146])}
