mesh: samples\8samples (1)\8samples\fence.obj
method: unit_sphere
n_vertices: 1090
bins: 1024
MSE: 3.574922370152e-07
MAE: 4.939545467005e-04
MSE_per_axis: [4.089326633797437e-07, 3.4458829533800574e-07, 3.1895575232796585e-07]
MAE_per_axis: [0.0005321488016124945, 0.0004638398457125604, 0.00048587499277641356]
meta: {'centroid': array([-0.00398737,  0.41086733, -0.00045413]), 'maxd': 0.6142682859356015}
