mesh: samples\8samples (1)\8samples\girl.obj
method: minmax
n_vertices: 8400
bins: 1024
MSE: 2.054234073550e-07
MAE: 3.698685818244e-04
MSE_per_axis: [3.1480200226874476e-07, 2.594645625615357e-07, 4.2003657234661554e-08]
MAE_per_axis: [0.0004907377713773688, 0.00044145440685659516, 0.0001774135672392133]
meta: {'vmin': array([-0.5     ,  0.      , -0.181411]), 'vmax': array([0.5     , 0.904419, 0.181411])}
