mesh: samples\8samples (1)\8samples\girl.obj
method: unit_sphere
n_vertices: 8400
bins: 1024
MSE: 3.606065670543e-07
MAE: 5.222276786544e-04
MSE_per_axis: [3.5490057376427947e-07, 3.7812600180831815e-07, 3.487931255903199e-07]
MAE_per_axis: [0.0005192639840961358, 0.00053926892236524, 0.0005081501295019637]
meta: {'centroid': array([0.00198203, 0.40218391, 0.01412802]), 'maxd': 0.5305754183275478}
