mesh: samples\8samples (1)\8samples\table.obj
method: unit_sphere
n_vertices: 3148
bins: 1024
MSE: 4.699512104568e-07
MAE: 5.989163298246e-04
MSE_per_axis: [4.678687826287257e-07, 4.6817462052323864e-07, 4.738102282183812e-07]
MAE_per_axis: [0.000599927585765098, 0.0005995483647841596, 0.0005972730389246907]
meta: {'centroid': array([-0.01319047,  0.38637404, -0.0035868 ]), 'maxd': 0.6106223757604528}
