mesh: samples\8samples (1)\8samples\talwar.obj
method: unit_sphere
n_vertices: 1681
bins: 1024
MSE: 6.020105007327e-07
MAE: 6.684992256081e-04
MSE_per_axis: [6.378172913025911e-07, 5.97972413511807e-07, 5.702417973836384e-07]
MAE_per_axis: [0.0006894025516470312, 0.0006690421691422714, 0.0006470529560350665]
meta: {'centroid': array([ 0.02171071,  0.30250146, -0.00435357]), 'maxd': 0.7002599292222368}
