mesh: samples\8samples (1)\8samples\branch.obj
method: unit_sphere
n_vertices: 2767
bins: 1024
MSE: 2.339403117635e-06
MAE: 1.324807486124e-03
MSE_per_axis: [2.2970399774911926e-06, 2.4496002808894303e-06, 2.2715690945238055e-06]
MAE_per_axis: [0.001297137758291712, 0.0013686973992361497, 0.0013085873008436882]
meta: {'centroid': array([0.0754427 , 1.0873903 , 0.12196689]), 'maxd': 1.3503976907930173}
