mesh: samples\8samples (1)\8samples\person.obj
method: unit_sphere
n_vertices: 3106
bins: 1024
MSE: 1.787371993492e-06
MAE: 1.153787885205e-03
MSE_per_axis: [1.93167230126595e-06, 1.7254298323899302e-06, 1.705013846820056e-06]
MAE_per_axis: [0.0012113278250829769, 0.0011336115426380101, 0.0011164242878925876]
meta: {'centroid': array([ 0.00500294,  1.15924209, -0.0035994 ]), 'maxd': 1.1872051393818255}
