mesh: samples\8samples (1)\8samples\explosive.obj
method: unit_sphere
n_vertices: 2844
bins: 1024
MSE: 4.277799336950e-07
MAE: 5.743030206012e-04
MSE_per_axis: [4.2108638065860313e-07, 4.6484795040501596e-07, 3.974054700215148e-07]
MAE_per_axis: [0.0005543733308897994, 0.0006209738129634406, 0.0005475619179503552]
meta: {'centroid': array([ 0.04325588,  0.53038879, -0.00459298]), 'maxd': 0.5504779595119365}
