mesh: samples\8samples (1)\8samples\person.obj
method: minmax
n_vertices: 3106
bins: 1024
MSE: 7.890193743474e-07
MAE: 6.917113073489e-04
MSE_per_axis: [9.083780687073368e-07, 1.3971271366607855e-06, 6.155291767394302e-08]
MAE_per_axis: [0.0008200550924989865, 0.001040174264297238, 0.00021490456525035832]
meta: {'vmin': array([-0.84375 , -0.      , -0.212891]), 'vmax': array([0.841797, 1.900391, 0.210938])}
