mesh: samples\8samples (1)\8samples\table.obj
method: minmax
n_vertices: 3148
bins: 1024
MSE: 1.488112793902e-07
MAE: 3.067378844393e-04
MSE_per_axis: [4.331020767845622e-08, 1.030992184993578e-07, 3.000244119927595e-07]
MAE_per_axis: [0.0001638231939222565, 0.00027134223252734546, 0.0004850482268684305]
meta: {'vmin': array([-0.208906,  0.      , -0.5     ]), 'vmax': array([0.208906, 0.611761, 0.5     ])}
