mesh: samples\8samples (1)\8samples\branch.obj
method: minmax
n_vertices: 2767
bins: 1024
MSE: 7.815262558276e-07
MAE: 7.340000765433e-04
MSE_per_axis: [8.983184729166263e-07, 1.173721059976608e-06, 2.725392345895e-07]
MAE_per_axis: [0.000818670534695198, 0.0009330417294175057, 0.00045028796551734506]
meta: {'vmin': array([-0.851562,  0.      , -0.464844]), 'vmax': array([0.849609, 1.900391, 0.462891])}
