mesh: samples\8samples (1)\8samples\explosive.obj
method: minmax
n_vertices: 2844
bins: 1024
MSE: 1.241900988230e-07
MAE: 2.752260753490e-04
MSE_per_axis: [5.2543402568433e-08, 2.720551375193651e-07, 4.797175638121446e-08]
MAE_per_axis: [0.00019609583070393622, 0.00043841222556311046, 0.0001911701697800098]
meta: {'vmin': array([-0.199625, -0.      , -0.197126]), 'vmax': array([0.199625, 1.      , 0.197126])}
